Se inicia la aplicacion:4:5:50 p.m.
1423249550069
263
37
26
31
34
49
31
33
31
32
34
33
30
30
37
29
33
46
33
33
31
33
33
33
32
30
34
31
29
51
32
31
33
31
32
32
32
31
32
33
33
48
30
33
31
31
32
40
23
33
41
26
29
52
35
28
32
30
34
32
33
28
35
30
48
34
29
36
28
34
34
32
31
31
33
33
48
35
31
27
35
33
30
32
31
30
37
30
47
31
32
34
33
28
33
33
33
29
34
31
46
35
29
34
30
34
32
30
35
33
29
32
53
31
25
56
23
20
32
34
34
34
25
32
53
28
37
26
32
32
32
36
29
30
50
15
47
34
35
32
28
37
35
31
30
32
31
33
48
33
30
32
33
28
31
31
33
33
36
32
42
34
34
31
29
38
35
29
33
33
31
30
48
34
27
32
31
39
28
28
33
31
34
49
30
47
17
37
33
26
32
33
32
33
31
48
31
38
29
29
31
33
34
30
33
32
32
48
32
32
32
36
27
32
32
32
32
32
32
49
31
32
33
35
27
32
33
32
33
31
36
50
29
35
32
29
35
33
31
30
32
32
31
46
36
33
28
34
32
27
34
35
33
32
27
53
31
31
33
31
32
31
35
33
29
38
32
46
30
37
26
28
32
37
30
52
39
40
18
47
43
41
40
40
41
15
39
18
43
41
40
41
39
40
38
38
37
36
39
40
39
42
37
39
37
38
39
40
36
39
38
38
38
39
38
38
37
38
37
35
36
34
36
36
37
38
38
38
40
38
39
45
36
38
39
39
39
40
40
40
39
40
44
41
40
41
39
40
37
40
40
41
40
42
64
42
42
36
44
40
39
64
68
67
66
64
65
44
41
41
45
42
40
40
38
40
38
38
40
42
38
39
39
39
38
38
38
38
38
39
38
37
42
39
37
38
40
41
38
40
40
38
39
40
40
38
44
43
40
40
39
37
39
38
37
37
38
39
39
36
38
37
37
37
39
39
38
42
39
37
36
36
38
38
38
36
37
35
37
38
36
37
39
37
38
37
36
36
38
37
36
36
36
37
36
36
37
36
36
36
37
36
36
38
36
36
36
35
38
35
36
37
37
36
37
38
37
36
37
36
38
37
37
37
37
36
36
39
35
40
38
39
45
38
41
38
41
41
40
42
40
40
40
39
41
39
41
40
41
42
37
46
36
39
39
38
40
40
38
40
41
36
39
39
40
37
39
41
40
38
38
38
38
40
39
40
40
40
39
40
41
41
38
40
39
37
40
38
37
42
38
41
40
38
39
39
41
38
36
41
38
39
40
38
41
39
36
37
40
40
39
38
41
42
39
40
41
40
39
39
38
40
40
38
39
41
39
39
40
40
38
39
39
40
38
39
41
42
40
41
41
40
42
41
43
43
44
45
41
41
38
41
40
41
40
42
40
41
42
42
41
63
42
46
40
47
41
45
42
63
69
68
69
42
49
62
66
45
46
43
65
44
47
45
47
41
44
42
43
63
50
45
42
49
40
41
44
43
64
46
46
44
46
64
42
43
44
63
43
48
46
44
41
42
42
42
41
43
42
44
63
44
46
63
51
41
44
44
42
43
42
41
43
43
41
43
42
40
41
43
41
41
41
41
41
38
41
Se cierra la aplicacion:4:6:17 p.m.
